-1                        1.8022722106664916E-6
-0.9966777408637875       1.8022721998065237E-6
-0.9933554817275747       1.802272188946556E-6
-0.990033222591362        1.8022721780865877E-6
-0.9867109634551494       1.8022721672266199E-6
-0.9833887043189369       1.802272156366652E-6
-0.9800664451827241       1.8022721455066843E-6
-0.9767441860465116       1.8022721346467162E-6
-0.9715234931181775       1.8022721175805556E-6
-0.9663028001898435       1.8022721005143947E-6
-0.9610821072615092       1.8022720834482339E-6
-0.9558614143331752       1.8022720663820733E-6
-0.9506407214048411       1.8022720493159126E-6
-0.945420028476507        1.8022720322497515E-6
-0.9401993355481729       1.802272015183591E-6
-0.9330802088277173       1.8022719919105748E-6
-0.9259610821072616       1.8022719686375588E-6
-0.918841955386806        1.8022719453645425E-6
-0.9117228286663503       1.8022719220915262E-6
-0.9046037019458948       1.80227189881851E-6
-0.8974845752254392       1.8022718755454941E-6
-0.8903654485049837       1.8022718522724778E-6
-0.8813478879924066       1.802271822791703E-6
-0.8723303274798293       1.8022717933109277E-6
-0.863312766967252        1.8022717638301527E-6
-0.8542952064546752       1.8022717343493778E-6
-0.845277645942098        1.802271704868603E-6
-0.8362600854295208       1.8022716753878277E-6
-0.8272425249169436       1.802271645907053E-6
-0.816326530612245        1.8022716102173747E-6
-0.8054105363075464       1.8022715745276965E-6
-0.7944945420028477       1.802271538838018E-6
-0.7835785476981492       1.8022715031483398E-6
-0.7726625533934506       1.8022714674586616E-6
-0.7617465590887519       1.8022714317689834E-6
-0.7508305647840533       1.802271396079305E-6
-0.7380161366872331       1.8022713541793384E-6
-0.7252017085904131       1.8022713122793716E-6
-0.7123872804935929       1.8022712703794045E-6
-0.6995728523967727       1.802271228479438E-6
-0.6867584242999526       1.8022711865794709E-6
-0.6739439962031325       1.8022711446795043E-6
-0.6611295681063123       1.8022711027795374E-6
-0.6464167062173708       1.802271054667656E-6
-0.6317038443284291       1.802271006555774E-6
-0.6169909824394874       1.8022709584438927E-6
-0.6022781205505459       1.802270910332011E-6
-0.5875652586616043       1.8022708622201295E-6
-0.5728523967726626       1.802270814108248E-6
-0.558139534883721        1.8022707659963664E-6
-0.5415282392026579       1.802270711670703E-6
-0.5249169435215948       1.8022706573450391E-6
-0.5083056478405316       1.8022706030193755E-6
-0.49169435215946844      1.8022705486937121E-6
-0.4750830564784053       1.8022704943680485E-6
-0.4584717607973422       1.802270440042385E-6
-0.4418604651162791       1.8022703857167213E-6
-0.42714760322733747      1.8022703375945705E-6
-0.41243474133839586      1.8022702894724193E-6
-0.3977218794494542       1.8022702413502683E-6
-0.3830090175605126       1.8022701932281173E-6
-0.368296155671571        1.8022701451059665E-6
-0.3535832937826293       1.8022700969838153E-6
-0.3388704318936877       1.8022700488616645E-6
-0.3260560037968676       1.8022700069448931E-6
-0.31324157570004757      1.802269965028122E-6
-0.3004271476032274       1.8022699231113505E-6
-0.2876127195064073       1.8022698811945796E-6
-0.2747982914095872       1.8022698392778082E-6
-0.2619838633127672       1.802269797361037E-6
-0.24916943521594703      1.8022697554442658E-6
-0.2382534409112484       1.8022697197345006E-6
-0.2273374466065497       1.8022696840247353E-6
-0.21642145230185103      1.80226964831497E-6
-0.2055054579971524       1.8022696126052048E-6
-0.19458946369245372      1.8022695768954395E-6
-0.18367346938775503      1.8022695411856743E-6
-0.1727574750830564       1.802269505475909E-6
-0.16373991457047932      1.8022694759745351E-6
-0.15472235405790222      1.8022694464731609E-6
-0.14570479354532512      1.8022694169717868E-6
-0.13668723303274805      1.802269387470413E-6
-0.12766967252017097      1.802269357969039E-6
-0.11865211200759386      1.8022693284676649E-6
-0.10963455149501679      1.8022692989662908E-6
-0.10251542477456116      1.8022692756744527E-6
-0.09539629805410554      1.8022692523826142E-6
-0.0882771713336499       1.8022692290907758E-6
-0.08115804461319429      1.8022692057989377E-6
-0.07403891789273866      1.8022691825070993E-6
-0.06691979117228304      1.8022691592152608E-6
-0.05980066445182741      1.8022691359234227E-6
-0.054579971523493274     1.8022691188420237E-6
-0.04935927859515913      1.8022691017606243E-6
-0.044138585666824985     1.8022690846792249E-6
-0.03891789273849085      1.802269067597826E-6
-0.0336971998101567       1.8022690505164267E-6
-0.02847650688182256      1.8022690334350275E-6
-0.023255813953488413     1.8022690163536283E-6
-0.019933554817275784     1.802269005483331E-6
-0.016611295681063155     1.8022689946130334E-6
-0.013289036544850523     1.8022689837427358E-6
-0.009966777408637892     1.8022689728724384E-6
-0.0066445182724252615    1.8022689620021408E-6
-0.003322259136212632     1.8022689511318434E-6
0                         1.8022689402615459E-6
0.0025974025974025974     1.801332959494419E-6
0.005194805194805195      1.800396978727292E-6
0.007792207792207791      1.799460997960165E-6
0.01038961038961039       1.7985250171930382E-6
0.012987012987012988      1.7975890364259112E-6
0.015584415584415583      1.7966530556587843E-6
0.01818181818181818       1.7957170748916573E-6
0.021753246753246754      1.7944300966792563E-6
0.025324675324675326      1.793143118466855E-6
0.028896103896103895      1.791856140254454E-6
0.032467532467532464      1.790569162042053E-6
0.03603896103896104       1.7892821838296519E-6
0.03961038961038961       1.787995205617251E-6
0.04318181818181818       1.7867082274048498E-6
0.04772727272727272       1.7850702473738584E-6
0.052272727272727276      1.7834322673428666E-6
0.056818181818181816      1.781794287311875E-6
0.06136363636363636       1.7801563072808835E-6
0.06590909090909092       1.7785183272498918E-6
0.07045454545454546       1.7768803472189003E-6
0.07500000000000001       1.7752423671879088E-6
0.08051948051948053       1.7732533798256725E-6
0.08603896103896105       1.7712643924634358E-6
0.09155844155844156       1.7692754051011995E-6
0.0970779220779221        1.7672864177389632E-6
0.10259740259740262       1.7652974303767264E-6
0.10811688311688314       1.7633084430144903E-6
0.11363636363636366       1.7613194556522538E-6
0.12012987012987014       1.7589794543452176E-6
0.12662337662337664       1.756639453038181E-6
0.13311688311688313       1.7542994517311445E-6
0.1396103896103896        1.7519594504241083E-6
0.1461038961038961        1.7496194491170721E-6
0.15259740259740256       1.7472794478100355E-6
0.15909090909090906       1.7449394465029992E-6
0.16655844155844154       1.742248423583382E-6
0.174025974025974         1.7395574006637645E-6
0.18149350649350643       1.736866377744147E-6
0.18896103896103894       1.7341753548245298E-6
0.1964285714285714        1.7314843319049123E-6
0.20389610389610385       1.7287933089852951E-6
0.21136363636363634       1.7261022860656776E-6
0.21980519480519478       1.7230602328663845E-6
0.22824675324675323       1.7200181796670912E-6
0.23668831168831164       1.716976126467798E-6
0.2451298701298701        1.7139340732685048E-6
0.2535714285714285        1.7108920200692118E-6
0.262012987012987         1.7078499668699187E-6
0.2704545454545454        1.7048079136706254E-6
0.2798701298701298        1.7014148205883981E-6
0.28928571428571426       1.6980217275061706E-6
0.2987012987012987        1.6946286344239431E-6
0.3081168831168831        1.691235541341716E-6
0.31753246753246755       1.6878424482594887E-6
0.32694805194805193       1.6844493551772612E-6
0.33636363636363636       1.681056262095034E-6
0.34675324675324676       1.6773121186618393E-6
0.35714285714285715       1.6735679752286444E-6
0.36753246753246754       1.6698238317954495E-6
0.3779220779220779        1.6660796883622548E-6
0.38831168831168833       1.66233554492906E-6
0.39870129870129867       1.6585914014958653E-6
0.40909090909090906       1.6548472580626704E-6
0.42045454545454547       1.6507520530253275E-6
0.4318181818181818        1.6466568479879844E-6
0.4431818181818182        1.6425616429506413E-6
0.45454545454545453       1.6384664379132982E-6
0.4659090909090909        1.6343712328759551E-6
0.4772727272727273        1.6302760278386122E-6
0.4886363636363636        1.6261808228012691E-6
0.5009740259740261        1.6217345442093167E-6
0.5133116883116883        1.617288265617364E-6
0.5256493506493507        1.6128419870254118E-6
0.537987012987013         1.6083957084334592E-6
0.5503246753246753        1.6039494298415068E-6
0.5626623376623376        1.5995031512495543E-6
0.575                     1.5950568726576019E-6
0.5883116883116883        1.5902595079594054E-6
0.6016233766233766        1.5854621432612083E-6
0.614935064935065         1.5806647785630117E-6
0.6282467532467533        1.575867413864815E-6
0.6415584415584416        1.5710700491666183E-6
0.6548701298701298        1.5662726844684217E-6
0.6681818181818182        1.561475319770225E-6
0.6824675324675324        1.5563268559173233E-6
0.6967532467532468        1.5511783920644211E-6
0.7110389610389609        1.5460299282115192E-6
0.7253246753246754        1.5408814643586173E-6
0.7396103896103896        1.5357330005057153E-6
0.7538961038961038        1.5305845366528136E-6
0.7681818181818182        1.5254360727999117E-6
0.7834415584415585        1.5199364963596062E-6
0.7987012987012987        1.5144369199193002E-6
0.8139610389610388        1.5089373434789945E-6
0.8292207792207791        1.5034377670386888E-6
0.8444805194805194        1.4979381905983834E-6
0.8597402597402597        1.4924386141580775E-6
0.8749999999999999        1.4869390377177719E-6
0.8912337662337663        1.4810883349939562E-6
0.9074675324675324        1.4752376322701404E-6
0.9237012987012986        1.4693869295463246E-6
0.939935064935065         1.463536226822509E-6
0.9561688311688311        1.4576855240986931E-6
0.9724025974025974        1.4518348213748775E-6
0.9886363636363636        1.4459841186510617E-6
1.005844155844156         1.4397822758132945E-6
1.0230519480519482        1.4335804329755275E-6
1.0402597402597404        1.4273785901377603E-6
1.0574675324675327        1.4211767472999931E-6
1.0746753246753251        1.414974904462226E-6
1.0918831168831171        1.408773061624459E-6
1.1090909090909093        1.4025712187866917E-6
1.1272727272727276        1.3960182220075116E-6
1.1454545454545457        1.3894652252283312E-6
1.1636363636363636        1.3829122284491509E-6
1.1818181818181819        1.376359231669971E-6
1.2                       1.3698062348907906E-6
1.2181818181818178        1.3632532381116105E-6
1.236363636363636         1.3567002413324301E-6
1.2555194805194805        1.349796076932913E-6
1.2746753246753244        1.3428919125333959E-6
1.2938311688311688        1.3359877481338787E-6
1.3129870129870127        1.3290835837343614E-6
1.332142857142857         1.3221794193348442E-6
1.3512987012987012        1.315275254935327E-6
1.3704545454545454        1.30837109053581E-6
1.3905844155844154        1.3011157451393718E-6
1.4107142857142856        1.2938603997429337E-6
1.4308441558441556        1.2866050543464956E-6
1.4509740259740258        1.2793497089500576E-6
1.471103896103896         1.2720943635536195E-6
1.4912337662337658        1.2648390181571814E-6
1.5113636363636362        1.2575836727607433E-6
1.5324675324675323        1.2499771334551856E-6
1.5535714285714286        1.2423705941496275E-6
1.5746753246753247        1.2347640548440697E-6
1.595779220779221         1.2271575155385118E-6
1.6168831168831173        1.2195509762329542E-6
1.6379870129870133        1.2119444369273963E-6
1.6590909090909096        1.2043378976218384E-6
1.6811688311688318        1.1963801521296376E-6
1.7032467532467535        1.1884224066374369E-6
1.7253246753246754        1.1804646611452356E-6
1.7474025974025975        1.172506915653035E-6
1.7694805194805194        1.164549170160834E-6
1.7915584415584416        1.1565914246686333E-6
1.8136363636363637        1.1486336791764325E-6
1.836688311688312         1.1403247160332748E-6
1.8597402597402597        1.132015752890117E-6
1.882792207792208         1.123706789746959E-6
1.9058441558441561        1.1153978266038014E-6
1.928896103896104         1.1070888634606435E-6
1.9519480519480519        1.0987799003174856E-6
1.975                     1.090470937174328E-6
1.9990259740259742        1.081810745915888E-6
2.023051948051948         1.0731505546574476E-6
2.047077922077922         1.0644903633990074E-6
2.071103896103896         1.0558301721405673E-6
2.09512987012987          1.0471699808821273E-6
2.1191558441558436        1.038509789623687E-6
2.1431818181818176        1.029849598365247E-6
2.168181818181818         1.0208381697222105E-6
2.1931818181818175        1.0118267410791738E-6
2.218181818181818         1.0028153124361373E-6
2.2431818181818177        9.938038837931006E-7
2.268181818181818         9.84792455150064E-7
2.293181818181818         9.757810265070276E-7
2.3181818181818183        9.66769597863991E-7
2.344155844155844         9.574069239653227E-7
2.37012987012987          9.480442500666545E-7
2.396103896103896         9.386815761679862E-7
2.422077922077922         9.29318902269318E-7
2.448051948051948         9.199562283706497E-7
2.474025974025974         9.105935544719815E-7
2.4999999999999996        9.012308805733132E-7
2.5259740259740253        8.918680634485306E-7
2.5519480519480515        8.825052463237478E-7
2.5779220779220773        8.731424291989651E-7
2.603896103896103         8.637796120741823E-7
2.629870129870129         8.544167949493997E-7
2.6558441558441546        8.450539778246168E-7
2.6818181818181808        8.356911606998342E-7
2.7068181818181807        8.266793236611044E-7
2.7318181818181806        8.176674866223746E-7
2.756818181818181         8.086556495836446E-7
2.7818181818181813        7.996438125449149E-7
2.806818181818182         7.906319755061851E-7
2.831818181818182         7.816201384674552E-7
2.8568181818181824        7.726083014287254E-7
2.880844155844156         7.639474676227921E-7
2.9048701298701296        7.552866338168589E-7
2.9288961038961037        7.466258000109255E-7
2.9529220779220773        7.379649662049923E-7
2.976948051948051         7.293041323990589E-7
3.0009740259740254        7.206432985931258E-7
3.024999999999999         7.119824647871924E-7
3.0480519480519477        7.036726547541831E-7
3.071103896103895         6.953628447211739E-7
3.094155844155843         6.870530346881646E-7
3.117207792207792         6.787432246551552E-7
3.14025974025974          6.70433414622146E-7
3.163311688311688         6.621236045891366E-7
3.186363636363636         6.538137945561273E-7
3.2084415584415584        6.458550264327412E-7
3.230519480519481         6.378962583093551E-7
3.2525974025974027        6.29937490185969E-7
3.274675324675325         6.219787220625829E-7
3.296753246753247         6.140199539391967E-7
3.3188311688311694        6.060611858158107E-7
3.3409090909090917        5.981024176924246E-7
3.362012987012988         5.904947074068917E-7
3.383116883116884         5.82886997121359E-7
3.40422077922078          5.752792868358261E-7
3.425324675324676         5.676715765502933E-7
3.4464285714285725        5.600638662647604E-7
3.467532467532468         5.524561559792277E-7
3.488636363636364         5.448484456936948E-7
3.5087662337662344        5.375918071525049E-7
3.5288961038961046        5.303351686113149E-7
3.549025974025974         5.23078530070125E-7
3.5691558441558437        5.15821891528935E-7
3.589285714285714         5.085652529877451E-7
3.609415584415584         5.013086144465551E-7
3.629545454545454         4.940519759053652E-7
3.6487012987012983        4.871464211717647E-7
3.6678571428571423        4.802408664381642E-7
3.6870129870129866        4.733353117045637E-7
3.706168831168831         4.664297569709633E-7
3.725324675324675         4.595242022373628E-7
3.7444805194805197        4.526186475037623E-7
3.763636363636364         4.457130927701619E-7
3.7818181818181826        4.391586322344193E-7
3.8000000000000003        4.3260417169867675E-7
3.818181818181819         4.2604971116293414E-7
3.836363636363637         4.1949525062719157E-7
3.8545454545454545        4.12940790091449E-7
3.8727272727272735        4.0638632955570645E-7
3.890909090909091         3.998318690199639E-7
3.9081168831168838        3.9362851156139894E-7
3.9253246753246755        3.8742515410283405E-7
3.9425324675324678        3.812217966442691E-7
3.9597402597402604        3.750184391857042E-7
3.976948051948052         3.688150817271393E-7
3.9941558441558445        3.6261172426857434E-7
4.011363636363637         3.5640836681000946E-7
4.0275974025974035        3.5055611995078844E-7
4.0438311688311686        3.447038730915674E-7
4.0600649350649345        3.3885162623234634E-7
4.076298701298701         3.3299937937312537E-7
4.092532467532468         3.2714713251390435E-7
4.108766233766233         3.2129488565468333E-7
4.125                     3.154426387954623E-7
4.140259740259741         3.0994150884615653E-7
4.155519480519481         3.044403788968507E-7
4.170779220779221         2.989392489475449E-7
4.186038961038961         2.9343811899823914E-7
4.201298701298702         2.8793698904893336E-7
4.216558441558443         2.8243585909962753E-7
4.231818181818183         2.7693472915032175E-7
4.246103896103897         2.7178472134722966E-7
4.260389610389612         2.666347135441376E-7
4.274675324675325         2.6148470574104547E-7
4.28896103896104          2.563346979379534E-7
4.303246753246754         2.511846901348613E-7
4.317532467532469         2.4603468233176923E-7
4.331818181818182         2.4088467452867713E-7
4.34512987012987          2.360857931629083E-7
4.358441558441559         2.312869117971394E-7
4.371753246753247         2.2648803043137055E-7
4.3850649350649356        2.2168914906560167E-7
4.398376623376624         2.168902676998328E-7
4.411688311688311         2.1209138633406396E-7
4.425                     2.0729250496829509E-7
4.437337662337662         2.0284475350661664E-7
4.449675324675325         1.9839700204493812E-7
4.4620129870129865        1.9394925058325965E-7
4.47435064935065          1.8950149912158118E-7
4.486688311688312         1.8505374765990274E-7
4.499025974025974         1.8060599619822425E-7
4.511363636363637         1.7615824473654578E-7
4.5227272727272725        1.720616259339902E-7
4.534090909090909         1.6796500713143459E-7
4.545454545454545         1.63868388328879E-7
4.556818181818182         1.597717695263234E-7
4.568181818181818         1.556751507237678E-7
4.579545454545454         1.515785319212122E-7
4.590909090909091         1.474819131186566E-7
4.601298701298702         1.4373642912289077E-7
4.611688311688312         1.399909451271249E-7
4.622077922077922         1.3624546113135903E-7
4.632467532467532         1.324999771355932E-7
4.642857142857142         1.2875449313982733E-7
4.653246753246753         1.2500900914406147E-7
4.663636363636363         1.212635251482956E-7
4.673051948051947         1.1786917759575042E-7
4.682467532467532         1.1447483004320521E-7
4.691883116883117         1.1108048249066001E-7
4.701298701298701         1.0768613493811481E-7
4.710714285714286         1.0429178738556962E-7
4.72012987012987          1.0089743983302441E-7
4.729545454545455         9.750309228047921E-8
4.737987012987014         9.445988238424078E-8
4.746428571428572         9.141667248800233E-8
4.75487012987013          8.837346259176387E-8
4.763311688311688         8.533025269552543E-8
4.771753246753247         8.228704279928699E-8
4.780194805194805         7.924383290304855E-8
4.788636363636363         7.620062300681011E-8
4.796103896103896         7.350855163627004E-8
4.803571428571428         7.081648026572996E-8
4.81103896103896          6.812440889518987E-8
4.818506493506493         6.54323375246498E-8
4.825974025974025         6.274026615410971E-8
4.833441558441558         6.004819478356964E-8
4.840909090909091         5.735612341302956E-8
4.847402597402598         5.501519116529727E-8
4.853896103896104         5.2674258917564966E-8
4.8603896103896105        5.033332666983267E-8
4.866883116883118         4.7992394422100384E-8
4.8733766233766245        4.565146217436809E-8
4.879870129870131         4.3310529926635795E-8
4.886363636363638         4.09695976789035E-8
4.891883116883118         3.897980494197781E-8
4.897402597402598         3.699001220505211E-8
4.902922077922078         3.500021946812641E-8
4.908441558441559         3.301042673120073E-8
4.913961038961039         3.102063399427503E-8
4.91948051948052          2.9030841257349335E-8
4.925                     2.704104852042364E-8
4.929545454545455         2.5402395528124482E-8
4.934090909090909         2.3763742535825317E-8
4.9386363636363635        2.212508954352616E-8
4.943181818181818         2.0486436551227E-8
4.947727272727273         1.884778355892784E-8
4.952272727272727         1.7209130566628683E-8
4.956818181818182         1.557047757432952E-8
4.960389610389611         1.428296445299095E-8
4.963961038961039         1.2995451331652377E-8
4.967532467532468         1.1707938210313804E-8
4.971103896103897         1.0420425088975232E-8
4.974675324675325         9.13291196763666E-9
4.978246753246754         7.845398846298088E-9
4.981818181818182         6.5578857249595156E-9
4.9844155844155855        5.621512531881923E-9
4.987012987012988         4.6851393388043305E-9
4.98961038961039          3.748766145726737E-9
4.992207792207792         2.8123929526491445E-9
4.9948051948051955        1.8760197595715515E-9
4.997402597402598         9.396465664939594E-10
5                         3.2733734163662355E-12
5.003322259136213         3.262498421633658E-12
5.006644518272426         3.25162342690108E-12
5.009966777408638         3.240748432168502E-12
5.013289036544851         3.2298734374359244E-12
5.016611295681064         3.2189984427033467E-12
5.0199335548172765        3.208123447970769E-12
5.023255813953489         3.197248453238191E-12
5.028476506881823         3.1801591758004075E-12
5.033697199810157         3.1630698983626236E-12
5.038917892738491         3.1459806209248396E-12
5.044138585666825         3.1288913434870557E-12
5.049359278595159         3.111802066049272E-12
5.054579971523493         3.094712788611488E-12
5.059800664451827         3.0776235111737043E-12
5.066919791172283         3.0543199510296066E-12
5.074038917892738         3.0310163908855094E-12
5.081158044613194         3.0077128307414113E-12
5.08827717133365          2.9844092705973136E-12
5.095396298054106         2.961105710453216E-12
5.102515424774562         2.9378021503091183E-12
5.109634551495017         2.9144985901650206E-12
5.118652112007593         2.884980747313223E-12
5.127669672520171         2.8554629044614258E-12
5.136687233032748         2.8259450616096278E-12
5.145704793545324         2.79642721875783E-12
5.154722354057902         2.7669093759060326E-12
5.163739914570478         2.7373915330542354E-12
5.172757475083055         2.7078736902024378E-12
5.183673469387754         2.6721415646413748E-12
5.194589463692453         2.6364094390803113E-12
5.205505457997152         2.600677313519248E-12
5.216421452301851         2.5649451879581853E-12
5.2273374466065485        2.529213062397122E-12
5.238253440911247         2.493480936836059E-12
5.249169435215946         2.4577488112749954E-12
5.261983863312767         2.415802403003067E-12
5.274798291409587         2.373855994731139E-12
5.287612719506407         2.3319095864592106E-12
5.300427147603227         2.2899631781872823E-12
5.313241575700048         2.248016769915354E-12
5.326056003796868         2.2060703616434257E-12
5.338870431893688         2.1641239533714974E-12
5.353583293782631         2.1159632623872357E-12
5.368296155671571         2.0678025714029744E-12
5.3830090175605125        2.019641880418713E-12
5.397721879449454         1.9714811894344514E-12
5.412434741338396         1.92332049845019E-12
5.427147603227337         1.8751598074659284E-12
5.441860465116279         1.826999116481667E-12
5.458471760797341         1.7726241427839281E-12
5.475083056478405         1.7182491690861891E-12
5.4916943521594686        1.6638741953884502E-12
5.5083056478405314        1.6094992216907112E-12
5.524916943521594         1.5551242479929724E-12
5.541528239202657         1.5007492742952333E-12
5.558139534883721         1.4463743005974945E-12
5.572852396772663         1.3982136096039072E-12
5.587565258661604         1.35005291861032E-12
5.602278120550545         1.3018922276167324E-12
5.616990982439487         1.2537315366231452E-12
5.631703844328428         1.2055708456295577E-12
5.646416706217369         1.1574101546359704E-12
5.661129568106311         1.109249463642383E-12
5.673943996203132         1.0673030553551942E-12
5.686758424299952         1.0253566470680055E-12
5.699572852396771         9.834102387808166E-13
5.712387280493593         9.414638304936278E-13
5.725201708590412         8.995174222064391E-13
5.738016136687233         8.575710139192503E-13
5.750830564784053         8.156246056320616E-13
5.761746559088752         7.798924800527573E-13
5.772662553393451         7.441603544734529E-13
5.7835785476981485        7.084282288941484E-13
5.794494542002847         6.72696103314844E-13
5.805410536307546         6.369639777355397E-13
5.816326530612244         6.012318521562354E-13
5.827242524916943         5.65499726576931E-13
5.8362600854295215        5.359818837064251E-13
5.845277645942097         5.06464040835919E-13
5.854295206454675         4.76946197965413E-13
5.863312766967254         4.4742835509490705E-13
5.87233032747983          4.17910512224401E-13
5.881347887992408         3.8839266935389506E-13
5.890365448504985         3.5887482648338906E-13
5.897484575225441         3.3557126632220014E-13
5.904603701945896         3.122677061610112E-13
5.911722828666352         2.8896414599982225E-13
5.9188419553868075        2.656605858386333E-13
5.925961082107262         2.423570256774444E-13
5.933080208827717         2.1905346551625548E-13
5.940199335548173         1.9574990535506653E-13
5.945420028476507         1.7866062790344356E-13
5.950640721404842         1.6157135045182056E-13
5.955861414333175         1.4448207300019756E-13
5.961082107261509         1.273927955485746E-13
5.966302800189843         1.1030351809695159E-13
5.971523493118178         9.321424064532862E-14
5.976744186046512         7.612496319370563E-14
5.980066445182725         6.524996845174769E-14
5.983388704318936         5.4374973709789736E-14
5.986710963455149         4.349997896783179E-14
5.990033222591363         3.2624984225873845E-14
5.993355481727575         2.1749989483915894E-14
5.996677740863787         1.0874994741957952E-14
6                         0
